F 1000 L0A00 00

E 1000 4D 5A 90 00 03 00 00 00 04 00 00 00 FF FF 00 00
E 1010 B8 00 00 00 00 00 00 00 40 00 00 00 00 00 00 00
E 1030 00 00 00 00 00 00 00 00 00 00 00 00 B0 00 00 00
E 1040 0E 1F BA 0E 00 B4 09 CD 21 B8 01 4C CD 21 54 68
E 1050 69 73 20 70 72 6F 67 72 61 6D 20 63 61 6E 6E 6F
E 1060 74 20 62 65 20 72 75 6E 20 69 6E 20 44 4F 53 20
E 1070 6D 6F 64 65 2E 0D 0D 0A 24

E 10B0 50 45 00 00 4C 01 03 00 98 67 F8 51 00 00 00 00
E 10C0 00 00 00 00 E0 00 0F 01 0B 01 05 0C 00 02 00 00
E 10D0 00 04 00 00 00 00 00 00 00 10 00 00 00 10 00 00	
E 10E0 00 20 00 00 00 00 40 00 00 10 00 00 00 02 00 00
E 10F0 04 00 00 00 00 00 00 00 04 00 00 00 00 00 00 00
E 1100 00 40 00 00 00 04 00 00 00 00 00 00 02 00 00 00
E 1110 00 00 10 00 00 10 00 00 00 00 10 00 00 10 00 00
E 1120 00 00 00 00 10 00 00 00 00 00 00 00 00 00 00 00
E 1130 10 20 00 00 3C 00 00 00 00 00 00 00 00 00 00 00
E 1180 00 00 00 00 00 00 00 00 00 20 00 00 10 00 00 00
E 11A0 00 00 00 00 00 00 00 00 2E 74 65 78 74 00 00 00
E 11B0 24 00 00 00 00 10 00 00 00 02 00 00 00 04 00 00	
E 11C0 00 00 00 00 00 00 00 00 00 00 00 00 20 00 00 60
E 11D0 2E 72 64 61 74 61 00 00 92 00 00 00 00 20 00 00
E 11E0 00 02 00 00 00 06 00 00 00 00 00 00 00 00 00 00
E 11F0 00 00 00 00 40 00 00 40 2E 64 61 74 61 00 00 00
E 1200 0B 00 00 00 00 30 00 00 00 02 00 00 00 08 00 00	
E 1210 00 00 00 00 00 00 00 00 00 00 00 00 40 00 00 C0

E 1400 6A 00 6A 00 68 00 30 40 00 6A 00 E8 08 00 00 00	
E 1410 6A 00 E8 07 00 00 00 CC FF 25 08 20 40 00 FF 25	
E 1420 00 20 40 00

E 1600 76 20 00 00 00 00 00 00 5C 20 00 00 00 00 00 00
E 1610 54 20 00 00 00 00 00 00 00 00 00 00 6A 20 00 00
E 1620 08 20 00 00 4C 20 00 00 00 00 00 00 00 00 00 00
E 1630 84 20 00 00 00 20 00 00 00 00 00 00 00 00 00 00
E 1640 00 00 00 00 00 00 00 00 00 00 00 00 76 20 00 00
E 1650 00 00 00 00 5C 20 00 00 00 00 00 00 B1 01 4D 65
E 1660 73 73 61 67 65 42 6F 78 41 00 75 73 65 72 33 32
E 1670 2E 64 6C 6C 00 00 9B 00 45 78 69 74 50 72 6F 63
E 1680 65 73 73 00 6B 65 72 6E 65 6C 33 32 2E 64 6C 6C

E 1800 48 65 6C 6C 6F 57 6F 72 6C 64 00					

N c:\hello.dat
R BX
0
R CX
0A00
W 1000
Q

